1850   -0.408   -0.451   -0.382   -0.625   -0.191   -0.634   -0.182   -0.634   -0.190   -0.729   -0.096
1851   -0.277   -0.322   -0.249   -0.496   -0.057   -0.482   -0.071   -0.505   -0.056   -0.585    0.023
1852   -0.349   -0.390   -0.323   -0.555   -0.142   -0.554   -0.144   -0.564   -0.142   -0.647   -0.058
1853   -0.361   -0.403   -0.341   -0.534   -0.189   -0.565   -0.157   -0.544   -0.189   -0.637   -0.096
1854   -0.425   -0.463   -0.403   -0.581   -0.268   -0.606   -0.243   -0.591   -0.268   -0.673   -0.186
1855   -0.354   -0.393   -0.332   -0.498   -0.209   -0.544   -0.163   -0.509   -0.208   -0.601   -0.116
1856   -0.336   -0.374   -0.311   -0.482   -0.190   -0.527   -0.145   -0.490   -0.188   -0.582   -0.095
1857   -0.516   -0.547   -0.491   -0.661   -0.370   -0.699   -0.332   -0.667   -0.368   -0.754   -0.281
1858   -0.528   -0.565   -0.503   -0.683   -0.372   -0.716   -0.339   -0.690   -0.370   -0.777   -0.282
1859   -0.355   -0.386   -0.326   -0.527   -0.183   -0.537   -0.173   -0.532   -0.180   -0.609   -0.103
1860   -0.330   -0.362   -0.303   -0.497   -0.163   -0.526   -0.133   -0.502   -0.160   -0.592   -0.071
1861   -0.516   -0.554   -0.481   -0.699   -0.334   -0.726   -0.307   -0.705   -0.331   -0.799   -0.237
1862   -0.380   -0.416   -0.347   -0.561   -0.198   -0.594   -0.166   -0.569   -0.197   -0.666   -0.099
1863   -0.361   -0.402   -0.330   -0.551   -0.171   -0.576   -0.146   -0.559   -0.171   -0.655   -0.075
1864   -0.472   -0.511   -0.435   -0.660   -0.283   -0.677   -0.266   -0.667   -0.281   -0.756   -0.192
1865   -0.312   -0.352   -0.273   -0.504   -0.121   -0.521   -0.104   -0.509   -0.116   -0.599   -0.027
1866   -0.298   -0.336   -0.262   -0.482   -0.114   -0.510   -0.086   -0.488   -0.110   -0.583   -0.015
1867   -0.299   -0.340   -0.266   -0.465   -0.133   -0.504   -0.094   -0.473   -0.131   -0.569   -0.035
1868   -0.350   -0.381   -0.322   -0.503   -0.197   -0.535   -0.165   -0.507   -0.193   -0.592   -0.108
1869   -0.397   -0.427   -0.373   -0.549   -0.244   -0.586   -0.207   -0.555   -0.243   -0.645   -0.154
1870   -0.349   -0.379   -0.328   -0.496   -0.202   -0.522   -0.177   -0.502   -0.202   -0.581   -0.123
1871   -0.266   -0.296   -0.243   -0.414   -0.117   -0.437   -0.095   -0.420   -0.116   -0.496   -0.039
1872   -0.271   -0.302   -0.249   -0.415   -0.127   -0.443   -0.099   -0.420   -0.126   -0.499   -0.046
1873   -0.312   -0.340   -0.285   -0.453   -0.170   -0.486   -0.137   -0.457   -0.167   -0.539   -0.086
1874   -0.466   -0.499   -0.438   -0.605   -0.327   -0.648   -0.284   -0.611   -0.324   -0.699   -0.236
1875   -0.285   -0.321   -0.258   -0.430   -0.140   -0.453   -0.117   -0.435   -0.138   -0.511   -0.063
1876   -0.421   -0.453   -0.396   -0.563   -0.280   -0.590   -0.253   -0.567   -0.277   -0.645   -0.200
1877   -0.154   -0.193   -0.127   -0.289   -0.019   -0.325    0.017   -0.294   -0.017   -0.376    0.065
1878   -0.117   -0.147   -0.090   -0.257    0.022   -0.284    0.050   -0.259    0.027   -0.336    0.104
1879   -0.237   -0.263   -0.212   -0.362   -0.112   -0.395   -0.079   -0.365   -0.109   -0.440   -0.034
1880   -0.214   -0.244   -0.189   -0.335   -0.094   -0.381   -0.047   -0.339   -0.091   -0.423   -0.007
1881   -0.160   -0.190   -0.138   -0.279   -0.040   -0.334    0.015   -0.284   -0.038   -0.375    0.052
1882   -0.184   -0.210   -0.162   -0.302   -0.066   -0.347   -0.021   -0.306   -0.064   -0.388    0.018
1883   -0.228   -0.255   -0.207   -0.334   -0.122   -0.380   -0.076   -0.339   -0.121   -0.416   -0.043
1884   -0.344   -0.367   -0.322   -0.442   -0.245   -0.490   -0.198   -0.445   -0.242   -0.521   -0.166
1885   -0.408   -0.436   -0.388   -0.506   -0.311   -0.563   -0.254   -0.511   -0.309   -0.595   -0.225
1886   -0.398   -0.422   -0.377   -0.495   -0.301   -0.549   -0.247   -0.498   -0.298   -0.579   -0.216
1887   -0.481   -0.507   -0.462   -0.582   -0.379   -0.627   -0.334   -0.586   -0.377   -0.661   -0.302
1888   -0.350   -0.375   -0.328   -0.452   -0.247   -0.498   -0.201   -0.456   -0.245   -0.532   -0.168
1889   -0.207   -0.234   -0.183   -0.318   -0.096   -0.364   -0.050   -0.321   -0.093   -0.401   -0.013
1890   -0.476   -0.503   -0.452   -0.588   -0.364   -0.627   -0.325   -0.591   -0.360   -0.666   -0.285
1891   -0.378   -0.410   -0.352   -0.496   -0.260   -0.538   -0.218   -0.499   -0.256   -0.579   -0.176
1892   -0.450   -0.484   -0.422   -0.576   -0.324   -0.613   -0.287   -0.579   -0.320   -0.658   -0.241
1893   -0.405   -0.439   -0.375   -0.528   -0.281   -0.567   -0.243   -0.532   -0.278   -0.611   -0.199
1894   -0.442   -0.473   -0.416   -0.562   -0.322   -0.603   -0.281   -0.567   -0.320   -0.646   -0.240
1895   -0.414   -0.441   -0.392   -0.529   -0.298   -0.574   -0.254   -0.533   -0.297   -0.613   -0.216
1896   -0.221   -0.249   -0.197   -0.340   -0.103   -0.380   -0.063   -0.343   -0.101   -0.421   -0.023
1897   -0.273   -0.301   -0.250   -0.393   -0.154   -0.431   -0.116   -0.396   -0.151   -0.473   -0.074
1898   -0.538   -0.569   -0.511   -0.657   -0.420   -0.693   -0.384   -0.660   -0.416   -0.735   -0.341
1899   -0.360   -0.393   -0.331   -0.476   -0.244   -0.512   -0.208   -0.480   -0.240   -0.554   -0.166
1900   -0.314   -0.347   -0.286   -0.434   -0.194   -0.469   -0.159   -0.438   -0.190   -0.512   -0.115
1901   -0.394   -0.433   -0.362   -0.513   -0.276   -0.557   -0.232   -0.520   -0.272   -0.600   -0.192
1902   -0.439   -0.472   -0.408   -0.543   -0.335   -0.596   -0.282   -0.547   -0.330   -0.630   -0.248
1903   -0.561   -0.590   -0.529   -0.663   -0.458   -0.717   -0.404   -0.667   -0.454   -0.750   -0.371
1904   -0.556   -0.589   -0.524   -0.657   -0.454   -0.714   -0.397   -0.662   -0.450   -0.747   -0.365
1905   -0.421   -0.455   -0.384   -0.520   -0.321   -0.576   -0.265   -0.525   -0.316   -0.608   -0.233
1906   -0.367   -0.402   -0.337   -0.466   -0.268   -0.522   -0.212   -0.472   -0.264   -0.555   -0.181
1907   -0.457   -0.494   -0.424   -0.557   -0.357   -0.609   -0.305   -0.563   -0.354   -0.643   -0.274
1908   -0.566   -0.599   -0.534   -0.662   -0.470   -0.715   -0.417   -0.668   -0.466   -0.747   -0.387
1909   -0.597   -0.631   -0.566   -0.683   -0.511   -0.747   -0.447   -0.689   -0.507   -0.773   -0.422
1910   -0.567   -0.606   -0.525   -0.647   -0.487   -0.718   -0.415   -0.655   -0.481   -0.743   -0.393
1911   -0.668   -0.704   -0.630   -0.745   -0.590   -0.816   -0.519   -0.754   -0.585   -0.840   -0.499
1912   -0.412   -0.448   -0.373   -0.491   -0.332   -0.559   -0.264   -0.500   -0.327   -0.585   -0.242
1913   -0.400   -0.438   -0.365   -0.483   -0.317   -0.547   -0.254   -0.492   -0.313   -0.574   -0.231
1914   -0.253   -0.295   -0.211   -0.356   -0.150   -0.401   -0.104   -0.365   -0.143   -0.439   -0.069
1915   -0.160   -0.217   -0.101   -0.282   -0.038   -0.322    0.002   -0.295   -0.029   -0.372    0.048
1916   -0.379   -0.434   -0.328   -0.484   -0.275   -0.539   -0.220   -0.500   -0.266   -0.581   -0.185
1917   -0.443   -0.500   -0.386   -0.558   -0.327   -0.603   -0.282   -0.574   -0.316   -0.651   -0.239
1918   -0.314   -0.382   -0.237   -0.435   -0.192   -0.493   -0.134   -0.453   -0.174   -0.541   -0.087
1919   -0.193   -0.255   -0.118   -0.307   -0.078   -0.366   -0.019   -0.322   -0.058   -0.409    0.028
1920   -0.219   -0.275   -0.157   -0.331   -0.107   -0.385   -0.053   -0.343   -0.094   -0.426   -0.011
1921   -0.277   -0.322   -0.236   -0.375   -0.179   -0.420   -0.134   -0.386   -0.172   -0.457   -0.101
1922   -0.359   -0.399   -0.320   -0.452   -0.266   -0.504   -0.214   -0.461   -0.259   -0.537   -0.183
1923   -0.325   -0.367   -0.284   -0.412   -0.239   -0.463   -0.188   -0.421   -0.233   -0.493   -0.160
1924   -0.368   -0.407   -0.330   -0.458   -0.279   -0.513   -0.223   -0.466   -0.272   -0.543   -0.194
1925   -0.319   -0.361   -0.276   -0.407   -0.230   -0.464   -0.173   -0.416   -0.222   -0.494   -0.144
1926   -0.209   -0.250   -0.171   -0.296   -0.122   -0.355   -0.063   -0.306   -0.115   -0.385   -0.036
1927   -0.309   -0.344   -0.275   -0.390   -0.228   -0.453   -0.165   -0.397   -0.221   -0.478   -0.140
1928   -0.273   -0.314   -0.237   -0.358   -0.188   -0.413   -0.133   -0.367   -0.182   -0.442   -0.107
1929   -0.384   -0.427   -0.343   -0.472   -0.296   -0.529   -0.240   -0.481   -0.291   -0.558   -0.212
1930   -0.263   -0.308   -0.218   -0.351   -0.175   -0.411   -0.115   -0.360   -0.169   -0.441   -0.088
1931   -0.209   -0.257   -0.168   -0.297   -0.122   -0.356   -0.063   -0.308   -0.116   -0.387   -0.037
1932   -0.205   -0.253   -0.169   -0.292   -0.119   -0.348   -0.062   -0.303   -0.114   -0.380   -0.037
1933   -0.307   -0.355   -0.269   -0.392   -0.222   -0.453   -0.161   -0.403   -0.216   -0.483   -0.137
1934   -0.228   -0.276   -0.193   -0.313   -0.144   -0.374   -0.082   -0.323   -0.139   -0.403   -0.058
1935   -0.259   -0.307   -0.224   -0.342   -0.176   -0.404   -0.114   -0.351   -0.172   -0.431   -0.090
1936   -0.246   -0.289   -0.214   -0.322   -0.171   -0.386   -0.107   -0.329   -0.166   -0.409   -0.086
1937   -0.127   -0.173   -0.096   -0.202   -0.052   -0.266    0.012   -0.210   -0.046   -0.290    0.034
1938   -0.120   -0.166   -0.092   -0.199   -0.042   -0.267    0.026   -0.207   -0.037   -0.291    0.047
1939   -0.145   -0.187   -0.114   -0.239   -0.051   -0.292    0.002   -0.248   -0.046   -0.325    0.032
1940    0.018   -0.029    0.056   -0.089    0.126   -0.154    0.191   -0.098    0.133   -0.189    0.225
1941    0.002   -0.049    0.036   -0.092    0.097   -0.161    0.166   -0.107    0.103   -0.195    0.194
1942   -0.076   -0.154   -0.028   -0.174    0.022   -0.245    0.094   -0.197    0.033   -0.284    0.125
1943   -0.111   -0.179   -0.066   -0.208   -0.013   -0.290    0.068   -0.230   -0.003   -0.326    0.097
1944    0.102    0.035    0.145    0.007    0.197   -0.076    0.281   -0.014    0.208   -0.111    0.309
1945    0.027   -0.034    0.068   -0.074    0.129   -0.161    0.215   -0.091    0.138   -0.195    0.245
1946   -0.168   -0.218   -0.123   -0.264   -0.072   -0.321   -0.015   -0.277   -0.062   -0.356    0.017
1947   -0.095   -0.163   -0.045   -0.185   -0.005   -0.240    0.049   -0.208    0.012   -0.279    0.085
1948   -0.159   -0.234   -0.105   -0.243   -0.074   -0.300   -0.018   -0.268   -0.053   -0.337    0.018
1949   -0.127   -0.190   -0.076   -0.206   -0.047   -0.270    0.017   -0.229   -0.029   -0.303    0.047
1950   -0.183   -0.245   -0.129   -0.261   -0.105   -0.321   -0.045   -0.282   -0.085   -0.353   -0.013
1951   -0.156   -0.211   -0.110   -0.231   -0.081   -0.300   -0.013   -0.249   -0.066   -0.328    0.013
1952    0.019   -0.033    0.064   -0.054    0.091   -0.121    0.159   -0.068    0.109   -0.145    0.186
1953   -0.003   -0.061    0.038   -0.077    0.070   -0.147    0.140   -0.095    0.084   -0.174    0.164
1954   -0.200   -0.250   -0.161   -0.272   -0.127   -0.343   -0.057   -0.288   -0.114   -0.368   -0.033
1955   -0.290   -0.333   -0.250   -0.358   -0.221   -0.430   -0.149   -0.371   -0.209   -0.452   -0.128
1956   -0.269   -0.308   -0.234   -0.337   -0.201   -0.399   -0.139   -0.347   -0.192   -0.421   -0.117
1957   -0.023   -0.060    0.014   -0.090    0.044   -0.151    0.105   -0.100    0.052   -0.173    0.125
1958   -0.024   -0.059    0.015   -0.090    0.041   -0.152    0.103   -0.098    0.052   -0.171    0.125
1959   -0.038   -0.072   -0.008   -0.101    0.025   -0.163    0.086   -0.110    0.033   -0.182    0.105
1960   -0.113   -0.147   -0.080   -0.175   -0.051   -0.236    0.010   -0.182   -0.043   -0.254    0.028
1961    0.015   -0.029    0.039   -0.044    0.073   -0.110    0.139   -0.055    0.078   -0.129    0.153
1962   -0.058   -0.093   -0.036   -0.116    0.000   -0.185    0.069   -0.125    0.005   -0.202    0.083
1963   -0.051   -0.085   -0.023   -0.110    0.008   -0.179    0.077   -0.119    0.014   -0.196    0.093
1964   -0.275   -0.303   -0.249   -0.332   -0.218   -0.400   -0.150   -0.337   -0.210   -0.414   -0.134
1965   -0.147   -0.174   -0.119   -0.204   -0.091   -0.274   -0.020   -0.211   -0.082   -0.289   -0.004
1966   -0.140   -0.165   -0.113   -0.196   -0.084   -0.267   -0.013   -0.203   -0.078   -0.281    0.001
1967   -0.174   -0.199   -0.150   -0.227   -0.120   -0.300   -0.048   -0.232   -0.115   -0.312   -0.035
1968   -0.162   -0.186   -0.140   -0.213   -0.110   -0.285   -0.039   -0.219   -0.105   -0.298   -0.026
1969    0.118    0.094    0.142    0.067    0.169   -0.008    0.244    0.061    0.176   -0.020    0.257
1970    0.001   -0.023    0.028   -0.049    0.051   -0.125    0.128   -0.053    0.059   -0.136    0.141
1971   -0.180   -0.200   -0.153   -0.229   -0.131   -0.303   -0.056   -0.232   -0.123   -0.313   -0.042
1972    0.090    0.071    0.121    0.039    0.140   -0.033    0.212    0.036    0.146   -0.044    0.225
1973    0.099    0.086    0.123    0.049    0.148   -0.021    0.219    0.048    0.154   -0.030    0.232
1974   -0.166   -0.180   -0.148   -0.215   -0.116   -0.289   -0.043   -0.218   -0.113   -0.299   -0.032
1975   -0.175   -0.192   -0.157   -0.224   -0.125   -0.299   -0.050   -0.227   -0.122   -0.309   -0.039
1976   -0.190   -0.205   -0.171   -0.241   -0.140   -0.316   -0.064   -0.243   -0.137   -0.327   -0.054
1977    0.059    0.044    0.081    0.008    0.109   -0.064    0.182    0.007    0.113   -0.074    0.194
1978   -0.068   -0.085   -0.046   -0.117   -0.019   -0.194    0.059   -0.119   -0.015   -0.204    0.070
1979    0.107    0.087    0.128    0.068    0.146   -0.012    0.227    0.063    0.153   -0.020    0.236
1980    0.116    0.095    0.134    0.069    0.163   -0.009    0.242    0.065    0.167   -0.019    0.251
1981    0.043    0.023    0.061   -0.005    0.092   -0.083    0.170   -0.009    0.095   -0.094    0.180
1982    0.052    0.027    0.074    0.002    0.103   -0.073    0.178   -0.005    0.107   -0.086    0.188
1983    0.220    0.197    0.240    0.170    0.270    0.096    0.344    0.165    0.274    0.084    0.355
1984    0.056    0.033    0.078    0.008    0.105   -0.069    0.181    0.002    0.109   -0.080    0.191
1985    0.071    0.050    0.089    0.025    0.117   -0.050    0.191    0.019    0.121   -0.061    0.201
1986    0.064    0.038    0.089    0.020    0.109   -0.059    0.187    0.011    0.115   -0.070    0.197
1987    0.231    0.206    0.262    0.187    0.275    0.107    0.355    0.179    0.283    0.096    0.366
1988    0.164    0.140    0.192    0.118    0.209    0.038    0.290    0.110    0.216    0.027    0.300
1989    0.072    0.042    0.107    0.024    0.120   -0.053    0.197    0.016    0.129   -0.065    0.209
1990    0.181    0.148    0.220    0.132    0.230    0.055    0.308    0.123    0.240    0.042    0.321
1991    0.193    0.153    0.233    0.145    0.240    0.066    0.319    0.134    0.253    0.054    0.333
1992    0.136    0.094    0.176    0.090    0.182    0.010    0.262    0.078    0.194   -0.003    0.274
1993    0.167    0.127    0.212    0.121    0.213    0.038    0.296    0.106    0.228    0.024    0.309
1994    0.138    0.097    0.186    0.093    0.183    0.013    0.264    0.077    0.200   -0.001    0.278
1995    0.179    0.140    0.225    0.138    0.219    0.052    0.305    0.120    0.239    0.039    0.318
1996    0.187    0.149    0.235    0.153    0.222    0.060    0.314    0.133    0.245    0.049    0.327
1997    0.323    0.285    0.371    0.284    0.362    0.200    0.445    0.269    0.383    0.190    0.460
1998    0.465    0.417    0.511    0.425    0.506    0.344    0.586    0.403    0.527    0.328    0.600
1999    0.204    0.157    0.254    0.164    0.244    0.080    0.327    0.142    0.267    0.065    0.343
2000    0.184    0.143    0.239    0.145    0.223    0.059    0.309    0.126    0.250    0.048    0.326
2001    0.323    0.283    0.378    0.286    0.360    0.197    0.449    0.266    0.390    0.185    0.467
2002    0.398    0.360    0.451    0.363    0.434    0.267    0.530    0.343    0.466    0.257    0.548
2003    0.369    0.334    0.422    0.338    0.401    0.241    0.498    0.318    0.434    0.233    0.515
2004    0.289    0.250    0.337    0.261    0.317    0.160    0.418    0.239    0.349    0.152    0.434
2005    0.367    0.324    0.418    0.338    0.395    0.235    0.498    0.314    0.429    0.226    0.514
2006    0.336    0.293    0.389    0.311    0.361    0.207    0.466    0.286    0.397    0.198    0.480
2007    0.270    0.226    0.325    0.247    0.293    0.144    0.396    0.221    0.329    0.135    0.410
2008    0.220    0.175    0.273    0.197    0.243    0.092    0.348    0.170    0.279    0.083    0.362
2009    0.413    0.367    0.468    0.391    0.436    0.284    0.542    0.364    0.474    0.276    0.557
2010    0.379    0.336    0.435    0.356    0.401    0.249    0.508    0.331    0.441    0.242    0.524
2011    0.275    0.234    0.332    0.250    0.300    0.145    0.405    0.225    0.337    0.137    0.420
2012    0.312    0.275    0.366    0.282    0.341    0.182    0.441    0.260    0.373    0.173    0.456
2013    0.352    0.310    0.406    0.319    0.385    0.221    0.483    0.296    0.415    0.211    0.500
2014    0.381    0.339    0.432    0.348    0.413    0.255    0.507    0.324    0.442    0.243    0.523
2015    0.497    0.455    0.548    0.470    0.523    0.366    0.627    0.444    0.557    0.356    0.641
2016    0.531    0.488    0.584    0.506    0.556    0.405    0.656    0.478    0.592    0.394    0.671
2017    0.434    0.390    0.486    0.400    0.468    0.308    0.559    0.374    0.497    0.295    0.575
2018    0.405    0.360    0.461    0.381    0.429    0.285    0.525    0.353    0.466    0.273    0.540
2019    0.502    0.456    0.555    0.476    0.528    0.371    0.633    0.447    0.561    0.359    0.645
2020    0.421    0.377    0.479    0.396    0.446    0.291    0.551    0.368    0.483    0.281    0.566
2021    0.381    0.337    0.436    0.350    0.411    0.258    0.504    0.325    0.443    0.245    0.519
