67693
0
96505
0
68027
0
65231
0
211245
0
0
86180
0
17043
0
16766
0
45045
0
16661
0
15189
0
105236
0
0
0
0
0
0
0
47418
0
0
0
15230
0
74997
0
16762
0
107942
0
0
8699
0
64620
0
79938
0
45049
0
156931
0
22969
0
187387
0
0
17156
0
78590
0
59451
0
95492
0
77831
0
0
39192
0
12803
0
10219
0
13845
0
59554
0
13182
0
0
90692
0
73544
0
19899
0
70502
0
191438
0
13003
0
83754
0
22067
0
33932
0
11512
0
46673
0
61594
0
142676
0
0
0
26667
0
0
0
25284
0
12785
0
179023
0
7209
0
105030
0
45828
0
126094
0
40310
0
11956
0
183667
0
94838
0
0
129869
0
49222
0
0
0
5300
0
0
13586
0
54988
0
29778
0
77206
0
15108
0
69384
0
0
155435
0
35092
0
15869
0
24968
0
29243
0
52005
0
32672
0
0
0
