12757
0
17464
0
13226
0
12040
0
31733
0
0
21263
0
6070
0
6274
0
10488
0
5819
0
5569
0
17925
0
0
0
0
0
0
0
11285
0
0
0
5570
0
14380
0
6133
0
21839
0
0
3315
0
17269
0
14663
0
13494
0
23402
0
6364
0
23408
0
0
7887
0
17929
0
14181
0
20994
0
15712
0
0
9647
0
5080
0
4193
0
4503
0
15145
0
5343
0
0
16952
0
13280
0
6825
0
14790
0
29319
0
5147
0
17507
0
5808
0
8422
0
4694
0
10177
0
16248
0
24561
0
0
0
7663
0
0
0
6119
0
5060
0
22684
0
2901
0
23442
0
13214
0
21286
0
11512
0
4744
0
39578
0
17131
0
0
22427
0
11902
0
0
0
2194
0
0
4467
0
11282
0
7381
0
15258
0
5453
0
12969
0
0
29368
0
8444
0
5850
0
8423
0
6205
0
11209
0
8428
0
0
0
